1634823760455,acc ,0.5495484837219119,-0.07324994512796401,0.12389935139119625
1634823760468,acc ,-0.01951762428805232,-0.16485329307019708,0.11063362710475921
1634823760485,acc ,-0.12445099392458796,-0.130239441132918,-0.015380524483323096
1634823760502,acc ,-0.19364274970293044,-0.04926693892888725,-0.046102410483360286
1634823760518,acc ,0.4666565577626228,0.19239910631738602,0.1701379554748535
1634823760534,acc ,0.3567190962284803,0.05724960824586451,-0.01224982524216175
1634823760551,acc ,0.2167892320126295,0.10149849981702863,-0.10057342086136341
1634823760569,acc ,0.15841799932569264,0.1454403712656349,-0.14984627807438372
1634823760585,acc ,0.032305648060142994,-0.09796879132091998,0.0643190351754427
1634823760602,acc ,0.03329670492410659,-0.07635302570983767,0.135796709933877
1634823760620,acc ,-0.02220759402438998,-0.07021050436682999,0.19790800593197344
1634823760637,acc ,0.31493893285840746,-0.00836246241480112,0.12089315531253814
1634823760653,acc ,0.06458484650477767,0.035997926706820726,-0.10835866791009903
1634823760669,acc ,-0.07084273785576224,0.1369762020420283,-0.14936054038405416
1634823760686,acc ,0.13716624472141264,-0.009595072949677706,0.03112754419147968
1634823760703,acc ,0.25943551069274545,-0.13251651921942828,0.16540215912461279
1634823760720,acc ,0.2729329979084432,-0.1420036748152226,0.17166472665071486
1634823760736,acc ,0.30757497996166344,0.025188144205138086,0.10278758977949619
1634823760753,acc ,0.15793679168000815,-0.35730741751044987,-0.02728080563545227
1634823760769,acc ,0.32695684904083605,0.2602474115975201,0.07829261547029018
1634823760786,acc ,0.6026632571853697,0.40771490477658806,-0.11243687713444232
1634823760802,acc ,0.5393090484540909,0.07377024267502129,0.016672902381420135
1634823760820,acc ,-0.11578209590911864,-0.32651246627420183,0.32176936340034007
1634823760836,acc ,-0.016501637467741966,0.04767448210567236,0.07127835279405116
1634823760853,acc ,0.5213245520174503,0.4516735081642866,0.08999708178937435
1634823760869,acc ,0.49938364610522984,0.2201747827976942,0.17802081767916678
1634823760886,acc ,0.14218706855811178,0.04224354309812188,0.1335644208371639
1634823760903,acc ,-1.0673151971273123,-0.9107887106366455,-0.08644552678763866
1634823760919,acc ,-1.97239312890172,-1.522424963350594,0.17106734527945516
1634823760935,acc ,-1.8656676151514053,-0.6269682618804275,0.2535918992310762
1634823760952,acc ,-0.5530079034607858,0.22084603312276302,-0.08364099076092242
1634823760969,acc ,-0.3468147016013041,-0.28750527474880216,0.160644150942564
1634823760985,acc ,-0.3162305801041424,-0.3191143919121474,0.08629822727143764
1634823761002,acc ,0.021380641680955884,0.2599229288835078,-0.05796645127832889
1634823761019,acc ,0.46468540382012724,0.6045002633541822,-0.04765899227559566
1634823761034,acc ,0.583272693343088,0.6862308904491364,-0.08953647854030132
1634823761051,acc ,0.7172234100840985,0.34523660209700463,-0.15008534752726554
1634823761070,acc ,0.5723886034961789,-0.23558847889825701,0.20857786850631235
1634823761086,acc ,0.1821639088332653,-0.2415104162931442,0.2471440382659435
1634823761102,acc ,-0.3391594010751694,-0.12890578137636183,-0.11010346575081348
1634823761119,acc ,-0.31607750843428073,-0.06603270722553134,0.09195815272927284
1634823761136,acc ,-0.2720649098370224,-0.07950622904375194,0.1885720223098993
1634823761153,acc ,-0.1596978100031614,-0.10858049396723508,0.07441139012277126
1634823761169,acc ,-0.14439195819124578,-0.09518369064703583,-0.02738309696614742
1634823761186,acc ,-0.15227938697282223,-0.08088402020297944,-0.04625555521845817
1634823761203,acc ,-0.055913098945096135,-0.10071882068142295,-0.07241232526004314
1634823761220,acc ,0.016147490267828107,-0.16132117342129348,-0.013568506625294685
1634823761236,acc ,0.04381196145862341,-0.176400669131428,-0.0011783961296081542
1634823761253,acc ,0.0522356525413692,-0.18052783206403256,-0.03832067056596279
1634823761270,acc ,-0.017029972190782425,-0.103441158317402,-0.016722586742043494
1634823761287,acc ,-0.06718472680486738,-0.05589768218025565,0.002819733595848083
1634823761303,acc ,-0.15770020644515753,0.02205671431161463,0.009659224227070808
1634823761320,acc ,-0.1415534102970734,0.01728672343082726,0.02434182957410812
1634823761337,acc ,-0.10872286157999186,-0.006509454959258437,0.026331542086601257
1634823761353,acc ,-0.04393675688207149,-0.04631006188467145,0.030029227560758587
1634823761370,acc ,-0.026293511631153524,-0.07192388415597378,-0.015431962409615516
1634823761387,acc ,-0.04310637047253549,-0.043289106628298754,-0.02974456540048122
1634823761404,acc ,-0.09047412471659481,0.009975158308446407,-0.02125496947467327
1634823761420,acc ,-0.09491809851340949,-0.009716361241787671,0.06520692392587661
1634823761437,acc ,-0.06702555418778211,-0.07324278473481535,0.08706044381558894
1634823761454,acc ,0.001911386579275131,-0.14416874389462173,0.04242927492856979
1634823761471,acc ,0.03896510594934225,-0.12348872476369142,-0.038539866274595255
1634823761488,acc ,0.06622574557960033,-0.098090444939211,-0.07304302437901497
1634823761504,acc ,0.07654920586906373,-0.052675213002413505,-0.01129471647441387
1634823761520,acc ,0.12356537019647656,-0.09671689156368374,0.10510171194076537
1634823761535,acc ,0.15184052063152192,-0.1280420772191137,0.14332593639492988
1634823761551,acc ,0.11108330710101871,-0.18565496581941843,0.10564940895140171
1634823761569,acc ,0.05744995312355458,-0.20749767205417155,0.010113397735357283
1634823761586,acc ,0.03130209704078734,-0.18131839791983365,-0.04445172066688537
1634823761603,acc ,0.00023695056103169917,-0.08388743980266153,-0.07414484814107418
1634823761620,acc ,-0.0661465063309297,-0.022383681243658065,-0.011548983496427535
1634823761636,acc ,-0.10376374133527279,-0.03278320244401693,0.04057517149448395
1634823761653,acc ,-0.10943886436223983,-0.042398587529361244,0.07729659017026425
1634823761669,acc ,-0.08925243743453175,-0.042744843683764334,0.06554360853433609
1634823761686,acc ,-0.05186619817446917,-0.027428397412598133,0.007325228321552277
1634823761703,acc ,-0.07618154160045087,-0.024849632965773343,-0.017339841857552527
1634823761720,acc ,-0.07969985191971063,-0.03392287399843335,-0.01471943022608757
1634823761736,acc ,-0.11737320102546363,-0.04411554751507938,0.02474281159043312
1634823761753,acc ,-0.132497704921104,-0.003929740664362907,0.05413549481332302
1634823761770,acc ,-0.13741477612238376,0.04765343931764364,0.06648644234240055
1634823761787,acc ,-0.09837382845785468,0.015485884553939103,0.07387012285292148
1634823761803,acc ,-0.047248511778563256,0.01998027336373925,0.038943186378479
1634823761820,acc ,0.0020172215739265083,0.015542217851057648,0.011382979279756546
1634823761836,acc ,0.06605181378480046,0.043705943800881504,-0.0025227964758872986
1634823761853,acc ,0.07399908299483358,-0.012902663127705454,-0.0004418985486030578
1634823761870,acc ,0.08265862866006791,-0.06114296242259443,0.009574468553066253
1634823761887,acc ,0.09506992807425559,-0.09607873979061841,0.03482990584075451
1634823761903,acc ,0.12654471480082718,-0.052638241992890834,0.07314122405648231
1634823761920,acc ,0.12860007642805577,-0.037343496096879245,0.06732230864465236
1634823761937,acc ,0.12707235540412365,-0.005229425086081028,0.034893034204840655
1634823761954,acc ,0.09796086374279112,-0.07405987327136099,0.025087094983458517
1634823761970,acc ,0.07636179353818297,-0.11949234860390424,0.02960135753750801
1634823761987,acc ,0.0773901136726141,-0.15441665472984312,0.019485621714591977
1634823762004,acc ,0.10535378700569271,-0.13756328121498226,0.012772972333431243
1634823762021,acc ,0.11971388240009545,-0.09162139505557715,0.00647065731883049
1634823762034,acc ,0.10847023852579295,-0.03146174458190799,0.004830488896369934
1634823762051,acc ,0.04455905349887907,-0.07139744912907481,0.039360535007715226
1634823762067,acc ,0.025702085076645016,-0.13730806434489787,0.043916883137822146
1634823762087,acc ,-0.01076895730094984,-0.2434803281266242,0.057927872833609576
1634823762102,acc ,-0.03638668856238946,-0.22458909210860728,0.0631166736483574
1634823762119,acc ,-0.05385589242065325,-0.17079904973208904,0.03478255956768989
1634823762136,acc ,-0.01575496555259451,-0.07190707915164529,-0.014543489137291907
1634823762154,acc ,-0.017699505482800304,-0.005403539543971419,-0.038509471136331554
1634823762171,acc ,-0.029226258881110696,0.002542743285372853,-0.039004561176896095
1634823762187,acc ,-0.07521487025907263,0.0512595009855926,-0.039455812075734134
1634823762200,acc ,-0.12948082305165007,0.10142075840570032,-0.024195699101686476
1634823762217,acc ,-0.1306690829881467,0.10701324465051293,-0.0028857845693826675
1634823762234,acc ,-0.13283513844823464,0.08801189932152628,0.03402443467676639
1634823762252,acc ,-0.14148993487311526,0.04884089553654194,-0.03188683812618255
1634823762267,acc ,-0.15189723752113057,0.03762698921337723,-0.027286650854349136
1634823762284,acc ,-0.11640788139095529,-0.029990502985566853,-0.04636018463671207
1634823762301,acc ,-0.03602560016503557,-0.11084887729063629,-0.05192483302652835
1634823762318,acc ,-0.026492066410556434,-0.12850414177291095,-0.035034488502144814
1634823762334,acc ,0.025883067666739226,-0.07525259018726646,0.002907411879301071
1634823762351,acc ,0.06661483622873202,0.03467939145416021,0.04754091885387897
1634823762366,acc ,0.08657344574993475,0.05959376021921634,0.09867080211043357
1634823762384,acc ,0.09963188396124169,0.017182605469226835,0.13641338052749633
1634823762400,acc ,0.07327663220549002,-0.005700622794404625,0.11518354549407958
1634823762417,acc ,0.042378019665367896,-0.003997764399275183,0.07802665801048278
1634823762434,acc ,-0.03264748376775533,0.06396846817210317,0.04662380400896072
1634823762451,acc ,-0.05442700683949515,0.10871164606623351,0.035498014360666276
1634823762467,acc ,-0.03670103347487747,0.10793240532204508,0.0406990901350975
1634823762484,acc ,0.008523370331246406,0.046809462774172424,0.03375204747617244
1634823762501,acc ,0.04407970901671797,-0.009427972754463552,-0.017446224