1634811059444,acc ,-0.564979277087748,-1.028463342294097,0.8967822509855031
1634811059457,acc ,-0.20166881977021692,-0.41356443452239033,-0.1516425138413906
1634811059474,acc ,-0.20002894360870122,-0.21759236508905885,-0.6365969448387623
1634811059490,acc ,-0.351009924801439,0.021569734512269494,-0.5824141037523746
1634811059507,acc ,0.04457622382938862,-0.39335312888175245,-0.3925421047598123
1634811059524,acc ,0.16479615605548023,-0.37698213205635545,-0.1581914970934391
1634811059539,acc ,0.20445786596685647,0.08716741132140159,-0.0761176095187664
1634811059556,acc ,0.2605066470555961,0.25588234825581313,-0.1380091252863407
1634811059576,acc ,0.35569618292152877,0.18178484638780354,-0.15167700063288211
1634811059590,acc ,0.39845483593493697,0.19750380904525516,0.13825988517701626
1634811059607,acc ,0.476316951033473,0.2626192552953958,0.37790626116394993
1634811059625,acc ,0.5170473130896687,0.2731429873973131,0.22809446988105772
1634811059640,acc ,0.6358192384645343,0.29117022699713707,-0.21527064414322375
1634811059656,acc ,-0.06237929928451776,0.3626394261881709,0.06909925518929957
1634811059675,acc ,-0.3875581788673997,0.25175036301761866,0.07343290047943592
1634811059689,acc ,-0.885786517457664,0.1409101074248552,-0.06353986749649047
1634811059705,acc ,-0.8768331034123897,0.16066460920870304,0.008266893085837364
1634811059723,acc ,-0.48673283884674307,0.03601677753776312,0.18828794467151164
1634811059740,acc ,-0.5870951011754572,0.18716215551197526,0.2262520568847656
1634811059756,acc ,-1.0228678603745995,0.2177984090551734,0.042784664237499236
1634811059773,acc ,-0.9432773140482604,0.39391134728640315,0.28050387155413625
1634811059790,acc ,-0.420296811517328,1.248297056569159,0.21515198619961737
1634811059806,acc ,-0.2605288588874042,1.3039968780897557,0.5999503449648619
1634811059822,acc ,0.016071429356932638,0.9683401513732969,1.0023550875693559
1634811059840,acc ,0.1388259946271777,0.5121877442292869,1.4644833542525768
1634811059856,acc ,0.05560308314785361,0.26452771926522256,2.175620868551731
1634811059873,acc ,0.12844824686720965,0.05502367582470178,2.272800555321574
1634811059889,acc ,0.25380422680750486,-0.5650321032535285,1.6708125670492648
1634811059906,acc ,0.16420432764217258,-1.1662512260451912,1.3112562015682458
1634811059923,acc ,-0.17764584688693283,-1.1076312062289566,0.5302011014342308
1634811059940,acc ,-0.18029504622146486,-1.0254920713983475,1.424396258535981
1634811059956,acc ,-0.3711724228642881,-0.8001239577412604,2.3517846601873633
1634811059973,acc ,-1.3034361754670738,-1.301740769726038,-0.6044552551686764
1634811059990,acc ,1.4221502331748603,-1.9157476970940828,-4.099949931508302
1634811060006,acc ,1.8781604553692042,-1.4451830259770153,-3.858518425670266
1634811060023,acc ,0.38876229396015405,0.2152782429277897,-1.3275403968930244
1634811060040,acc ,-1.1968768120639026,-0.8537817520402371,0.4472013311862945
1634811060056,acc ,-0.6347514631025493,-1.4609819220028817,-0.03912029651105404
1634811060072,acc ,0.9683664548583328,-2.0240832763895393,-2.205850587120652
1634811060090,acc ,-0.06268975347317755,-1.502430223070085,-1.7991776656776666
1634811060106,acc ,-0.8741801777508109,-1.1480154582612216,-1.385731304576993
1634811060123,acc ,-1.7793492218747733,-0.11097900647632777,-1.2105465871065855
1634811060140,acc ,-1.2288944369629025,-0.7304680915825068,0.20343641396462916
1634811060156,acc ,-0.17484036101214587,-0.7891056470554322,1.0020037899136542
1634811060173,acc ,2.9761791260570285,-0.4532662207158282,1.8341297365933655
1634811060190,acc ,4.386664055879414,-0.33359964805617925,2.602177471116185
1634811060206,acc ,1.515364669575542,0.4828742271898314,2.9678087725967166
1634811060223,acc ,-1.6655261510789394,1.148565639489889,0.53570437502563
1634811060240,acc ,-0.3018650778822601,0.5102020503047854,-1.3513181628435849
1634811060256,acc ,0.8922618509516119,1.0379797239843755,-1.6754741291195152
1634811060273,acc ,1.8412806312613188,0.5195012090478092,-4.122310231876373
1634811060289,acc ,2.8534362512245774,-0.7742133444804697,-2.7936311863422394
1634811060306,acc ,2.0629241714373228,0.42629663645401594,-0.8301315579921007
1634811060323,acc ,-0.2969268908277154,1.3867618166685103,0.7173281856328249
1634811060340,acc ,-0.3987567414909601,0.44308921969234943,0.12737550306916237
1634811060356,acc ,-0.19059797517955301,-0.03896254866607487,-0.4459948780059814
1634811060373,acc ,0.19275982938855885,-0.4246384209182113,-0.5806926867872476
1634811060390,acc ,0.3902379194706678,-0.2560630385849625,-0.13775193565487862
1634811060406,acc ,0.16724632568657397,-0.19025135369896887,0.14922610034942627
1634811060423,acc ,-0.22179800008535383,-0.1566711556583643,0.9512170210063456
1634811060440,acc ,-0.8731798416018486,0.2766919851157814,1.6932962015360593
1634811060456,acc ,-1.076212935462594,0.4172176963329315,0.35074002181887626
1634811060473,acc ,0.5213029247075319,-0.42510866877846415,-0.913524711471796
1634811060490,acc ,0.2800152112543583,-0.558468214693293,-0.013165771043300628
1634811060506,acc ,-0.2327361582070589,0.2612275086760521,0.9200392079323529
1634811060523,acc ,-1.251846273483336,1.1806778108045457,1.32534785528481
1634811060540,acc ,-0.8705112069144845,-0.5140690279312432,-0.13439911809563637
1634811060556,acc ,0.2603802441969514,-1.2336052450023591,-1.224797815299034
1634811060573,acc ,0.9917761181488632,-0.6636813511192798,-2.2818524613052604
1634811060590,acc ,0.05825725091844797,0.10926131583824752,-0.8333458438634872
1634811060606,acc ,-0.490418249361217,0.1703964602805674,-0.0033610008656978605
1634811060623,acc ,-0.5391445786073804,-0.014640812031924723,0.8866466414183378
1634811060640,acc ,0.07963350868523121,-0.20577084826156497,0.6233212836802006
1634811060656,acc ,0.5611795925438404,-0.5968846737839281,0.05407178192734718
1634811060673,acc ,2.1596669280946252,-0.6192826758138835,-1.1210650536239146
1634811060689,acc ,-1.8795599469035862,-0.6154400289110838,-0.6816442933112382
1634811060706,acc ,-2.5034736435189844,-0.6562773584730923,0.07459551451802253
1634811060722,acc ,0.2821148138821125,-0.45041225605681534,0.3689864571273327
1634811060740,acc ,1.2852619286119937,-0.7078817273736,-0.3993582145154476
1634811060756,acc ,1.1156278310060501,-0.7691856525115668,-0.2799135044455528
1634811060773,acc ,1.1353156972944736,-0.8222738302290439,0.24413433505594728
1634811060790,acc ,0.23193331739157436,0.14535583478733896,0.825427325823903
1634811060806,acc ,-0.3339104675710201,0.22531053825095296,0.8019535112559795
1634811060823,acc ,0.0008186229065060615,-0.4142117925152182,-0.21985329575836657
1634811060840,acc ,0.6903381796374917,-1.2828593975149094,-1.071455511802435
1634811060856,acc ,0.7950412476494908,-1.2977683589637279,-1.0432201819211244
1634811060873,acc ,0.4576674878820777,-0.8125088075399398,-0.2958428949832916
1634811060890,acc ,0.11813655008077621,0.20468254156820476,0.6143897892057896
1634811060906,acc ,-0.20832623183280227,0.7319950088888406,1.1597867062062024
1634811060923,acc ,-0.35927111879885193,0.8269193179473281,2.5846254478126762
1634811060940,acc ,-0.15430413426607847,0.5450184390768409,2.754941682463884
1634811060956,acc ,0.5553548319131135,0.01973711225762963,2.596771228158474
1634811060973,acc ,0.5555798728406429,0.508548437878862,0.9999486109495163
1634811060989,acc ,-0.05452975482791662,0.8882480122003704,-0.16711247017383574
1634811061006,acc ,-0.8091200418844818,0.7884691027175634,-2.306912083759904
1634811061022,acc ,-0.949089507458359,1.2696376585006712,-2.197508875232935
1634811061039,acc ,-0.4595160383582115,1.169633708090335,-1.3982739752858877
1634811061056,acc ,-0.15860446180850266,2.435216684372723,-0.3731371470659971
1634811061073,acc ,0.07938274879455566,1.1931513617999852,-0.4002425961345434
1634811061090,acc ,0.2085484962813556,0.6058906947992742,-0.5702385127902031
1634811061106,acc ,0.1154571017384529,0.46855815360024566,-0.45368777059614657
1634811061122,acc ,-0.3573331364735961,1.020155386545509,0.4364361915439367
1634811061139,acc ,-0.9988822968922555,0.9288820742752403,1.0830670391410588
1634811061156,acc ,-0.2895592846691608,-0.6729193542595953,1.3983862034887076
1634811061173,acc ,1.1617340408816932,-2.278939350337535,-0.3695084351748228
1634811061189,acc ,1.175435964628309,-2.095873085837066,-1.380692141366005
1634811061206,acc ,0.16668313884586095,-1.1535888744793832,-0.8856891945630312
1634811061223,acc ,-0.2856922339774668,-0.14284936839174478,0.7545505395680665
1634811061239,acc ,-0.003135375416278839,-0.03742631554212421,0.32483634975552556
1634811061256,acc ,-0.5707713044926523,-0.3271514948301017,-0.49705286507010454
1634811061273,acc ,-0.3524617310449481,-0.10171382306814193,-0.174721191611886
1634811061290,acc ,-0.5406731033489107,-0.030807445391640067,0.015351882910728453
1634811061306,acc ,-0.7434484230563044,-0.16454912249185144,0.4451934984952211
1634811061323,acc ,-0.6924816214069723,-0.24329978392794727,-0.08808394164443016
1634811061340,acc ,-0.5824494673267007,-0.2912541058883071,-0.18917934055328367
1634811061356,acc ,0.08553191907405852,-0.05208937593847513,-0.09223755419254302
1634811061372,acc ,0.45257016474306583,0.7428669699065387,0.3984387615829706
1634811061389,acc ,0.4694140397772193,1.0191660832472145,0.4433002320945263
1634811061405,acc ,0.0898684869736433,0.36967670441381634,0.1255833589553833
1634811061423,acc ,0.023480244308710096,-0.6390759021729231,-0.1861766516059637
1634811061440,acc ,0.26233517765700815,-0.9032641603507101,-0.1362397775262594
1634811061456,acc ,0.697448888425529,-0.5522247171938419,0.15714228030145166
1634811061474,acc ,0.46035190466046333,0.37833223149105905,-0.06252104584276676
1634811061490,acc ,0.06433890891969203,0.5954672082014382,-0.35916473581492897
1634811061506,acc ,-0.5258871837578714,0.38641704600825905,-0.5118775092363357
1634811061523,acc ,-0.4522380101792514,-0.4454190508794039,-0.29720190837681293
1634811061540,acc ,-0.45599049458056684,-0.7402523304287344,-0.15520926641225813
1634811061556,acc ,-0.6764969935506582,-0.8567749425068497,-0.0165