1634824848369,acc ,-0.26918723550885915,-0.1457253987520933,0.47543256941437717
1634824848383,acc ,-0.16514555401504039,-0.07777414455413818,0.570814851373434
1634824848400,acc ,-0.06374006624370814,-0.14042758460491894,0.5661632261753082
1634824848416,acc ,0.47338645053952927,-0.05280775334089994,0.14453297409713267
1634824848433,acc ,0.7308665893808007,0.06493687481284141,-0.4067898258209228
1634824848449,acc ,0.6580085661798715,0.17982494449168443,-0.4130219982087612
1634824848465,acc ,0.30185294905304905,0.11398001492321491,0.27250936566889283
1634824848483,acc ,0.3808426068767905,-0.5420373774394392,0.7440788299143314
1634824848499,acc ,0.36754794875681396,-0.5714014190897345,0.7817401597887277
1634824848516,acc ,0.922987536343932,0.09089695323854684,0.17890695286393166
1634824848533,acc ,1.1231154102824628,0.4231137686342001,-0.5134235696345567
1634824848549,acc ,0.9950361428581178,0.2631508779540658,-0.6999620402902365
1634824848566,acc ,0.04244534928053617,-0.0673860215306282,-0.4179331511259079
1634824848583,acc ,-0.3219322988770902,-0.29099136329889297,0.2802472664445638
1634824848599,acc ,-0.061251172037422655,-0.31140929742753504,0.4969862295746803
1634824848616,acc ,0.5537248926237225,-0.17082769130468367,0.617082097029686
1634824848633,acc ,1.0051870961248874,0.26874036852419375,0.6823357827067374
1634824848649,acc ,0.8495670569546521,0.277928760369122,0.5662661020278931
1634824848666,acc ,0.32670769658535714,0.04181815729290247,0.4521867183834314
1634824848683,acc ,0.11820084748864174,-0.5143883230134845,0.8237363039970398
1634824848699,acc ,0.04288505587205291,-0.6998860524445771,0.9152537272214889
1634824848716,acc ,-0.26373671501800416,0.04152911121845245,0.7172486906558275
1634824848733,acc ,1.0229381491318343,-0.013744447714090346,0.415226814776659
1634824848749,acc ,1.0409348474629223,0.1576250953823328,0.6133814889460801
1634824848766,acc ,0.5210707233868539,0.23527298320829867,1.2518243539124727
1634824848783,acc ,-0.38468598443195223,-0.09191928202360868,2.3707027111470698
1634824848799,acc ,-0.9683063952341675,-0.3625855040438473,2.7581302493721247
1634824848816,acc ,-0.8461733228631317,-0.7728219631873071,1.9986603735804556
1634824848832,acc ,0.10092194203808903,-1.1122321972183882,1.2414683795928954
1634824848849,acc ,0.6125320325098932,-1.1074117913246153,1.3641443266689777
1634824848866,acc ,0.8911234945714473,-0.6070507515545934,-0.4951911628514528
1634824848883,acc ,1.281527710519731,-1.024370081631094,-1.1745184113919733
1634824848899,acc ,1.5016658145688473,-0.8587592481918632,-0.5968161385923624
1634824848916,acc ,-0.07901457306928933,0.32043248877339064,0.4271773648113012
1634824848932,acc ,-0.8644030262324959,0.6098642015401273,0.6340332318305969
1634824848948,acc ,-0.649902416613698,-0.23057744580321013,0.002268529453873634
1634824848965,acc ,0.3413553036842495,-0.22317864078879354,-0.10407879863381385
1634824848982,acc ,0.6602579525418579,-0.16533946915194392,0.48804772083759307
1634824848998,acc ,0.8068016819395124,-0.01770078412443399,1.4051228182673454
1634824849015,acc ,0.6356713544264435,-0.1837969899278134,1.1014590204000472
1634824849032,acc ,0.42718021435551345,-0.38259478430636223,0.4483206906050443
1634824849049,acc ,0.2470299834322184,-0.6968157781537622,0.43001171145439143
1634824849065,acc ,-0.10497487069070338,-1.6433018981806933,1.7287416089266538
1634824849082,acc ,-0.4351583536278456,-1.6019873064957557,2.139435456448793
1634824849099,acc ,-0.8943803774755448,-0.5559618578955531,1.4035393484681844
1634824849115,acc ,-0.6960073113150894,-0.4310570557888597,-0.29976211425364013
1634824849132,acc ,-0.33198066855221986,-0.24982425379324702,-0.9694289695233106
1634824849149,acc ,1.2231550165280698,0.3972149188764393,-0.6786135473132133
1634824849165,acc ,1.8872890798509119,0.42637452399581666,-0.40065000789165495
1634824849182,acc ,1.821033962046355,0.16687601280314845,-0.3139823627859354
1634824849199,acc ,1.6258822690851986,-0.4801624840131029,-0.4675637357354164
1634824849215,acc ,0.7531295668542385,-0.07289590752590447,-0.19744740268290042
1634824849232,acc ,0.6048944503035396,0.05982110270168632,-0.3088017452776432
1634824849249,acc ,-0.006148476159758866,-0.03105922819562256,-0.4498690890908241
1634824849265,acc ,-1.447611276037246,-0.40096305589620024,-0.7478080795705317
1634824849282,acc ,-1.5302265770122407,-0.22842666097749023,-1.6700813301652668
1634824849299,acc ,-1.6415899796962736,0.05243628968000412,-2.110079013583064
1634824849316,acc ,-1.6014492540962992,0.37503260542377825,-1.3551204777359962
1634824849332,acc ,-1.3156482990473508,0.5908864562824369,-0.7305103232890368
1634824849349,acc ,-1.0388196088746189,0.21963168889693915,-1.0807137540131806
1634824849366,acc ,-1.28016329029873,0.6748312522955239,-2.6975977469980714
1634824849382,acc ,-1.3484744638502597,0.912775427474454,-3.720637895199656
1634824849399,acc ,-1.7007891876399517,1.2256788359172641,-5.652954449778795
1634824849415,acc ,-0.8655398482427,1.1871641040839254,-5.713367125165462
1634824849433,acc ,0.20831921757012603,0.9457757798004894,-5.200184963071346
1634824849449,acc ,1.6054143583349882,0.8888833144292235,-2.9907763912081715
1634824849465,acc ,0.39987887738868594,1.0340822050891816,-0.9904419469356537
1634824849482,acc ,-0.20141995957568287,1.249748862812668,-0.1306207686007023
1634824849499,acc ,-0.6993874552726745,0.8064911546856165,0.45892917838096614
1634824849516,acc ,-0.892081672079116,0.061967832406796514,-0.7659913865149021
1634824849532,acc ,-0.5293244647301734,-0.05790781642626971,-1.2301789238154888
1634824849549,acc ,-0.0912551190264523,0.7478665317595005,-1.32553431776762
1634824849566,acc ,-0.2786078286744654,1.3901320237539707,-0.7629208930283784
1634824849582,acc ,-0.5142275794938206,1.3407543909922242,-0.5381634586155414
1634824849599,acc ,-0.7032502681806683,0.8538981449615209,0.7561375164985656
1634824849615,acc ,-0.6390386389024555,0.6648436728969216,1.7442027974307537
1634824849632,acc ,-0.36340208112373945,0.5068811987863854,1.741969339290261
1634824849649,acc ,0.1630002125494182,-0.09162212570793926,0.9689543377488851
1634824849666,acc ,0.6145410342447459,0.5941517416886984,1.702685376650095
1634824849682,acc ,0.47709378062486646,0.9765786220822483,2.175078432238102
1634824849699,acc ,0.10978007901534438,0.5243516812862828,2.6534067230939864
1634824849715,acc ,-0.025658319000154733,0.09630041971728205,2.9840105503350496
1634824849732,acc ,-0.1323626438319683,-0.0790701209151186,2.917341152641177
1634824849749,acc ,0.07423778712153434,-0.4953760909643024,2.2630273493260145
1634824849765,acc ,0.35696328024789686,0.10130882246382535,1.5314935282081366
1634824849782,acc ,0.40590237546190616,0.5363485181480646,1.3351707456409931
1634824849799,acc ,0.5545141433052718,0.9500101294346153,1.466689339864254
1634824849815,acc ,0.5959576220668852,0.9874197495702653,1.892382603597641
1634824849832,acc ,0.2010017341636121,0.26647885333299637,2.674571676197648
1634824849849,acc ,-0.06589183745011687,-0.17422668609321115,2.908490322187543
1634824849865,acc ,0.1714570752494037,-0.16614808212108909,2.726056948763132
1634824849882,acc ,0.8310437044009565,0.49955651845410465,1.0115092848837375
1634824849899,acc ,0.8317031912229955,1.7508960114590824,-0.29678455974757667
1634824849916,acc ,0.2855430347651243,2.1093954152330756,-0.15719664083719254
1634824849932,acc ,-1.2070276192001999,1.8321973072260618,0.8959054681509733
1634824849949,acc ,-0.8712598333247006,0.13038359884396195,1.939693805348873
1634824849965,acc ,-0.5616010328263044,-0.16519743033275008,2.104838190320134
1634824849982,acc ,-0.025244258306547997,0.33361959486566484,1.7584966957211494
1634824850000,acc ,-0.16520386007353663,0.39522074938453733,-0.44797465364634986
1634824850015,acc ,0.31253406367376446,0.3804525115806609,-1.7118325597018003
1634824850032,acc ,0.7323037825770675,0.8607198807403444,-3.427524132919311
1634824850049,acc ,-0.7220040684893727,1.2541636105149985,-2.236082059255242
1634824850065,acc ,-1.0959478557631372,1.1917981936253605,-0.7252490417599677
1634824850082,acc ,-0.8488410807676613,0.3814939103923738,1.1078998671025038
1634824850099,acc ,-0.16738281154781579,-0.01833791298419237,1.5783739373266696
1634824850116,acc ,-0.18214929578602312,-0.017478958067297934,1.0948656134843826
1634824850133,acc ,0.06312997152134776,0.3525117076665163,0.4492933350294828
1634824850149,acc ,0.24253742125332353,1.0878776542931794,0.6079781685978174
1634824850166,acc ,-0.15661547994837163,1.1799386098098008,0.7463824306815863
1634824850183,acc ,-0.7880252314075827,0.8712547187581657,1.378219029250741
1634824850199,acc ,-1.2288261940322815,0.3983949224412441,1.98757433142066
1634824850216,acc ,-1.1683968597717582,0.23073767786622046,2.1762129892259834
1634824850233,acc ,-0.5511509504824876,0.6621512189425528,1.14138361903131
1634824850249,acc ,0.239823924510926,1.428522544685751,-0.07430676070451736
1634824850266,acc ,0.39800840734168885,1.4328813244171439,-0.35102000780403614
1634824850283,acc ,0.23436872784495352,1.3133145954027772,0.3314578137218952
1634824850299,acc ,0.19860870154723523,0.5151559463851153,1.2943547511279583
1634824850315,acc ,0.36839565162733195,0.262905232629925,1.808774346062541
1634824850333,acc ,1.006066217046976,0.0024734409088268874,2.8041753767102957
1634824850349,acc ,1.0103340305592865,-0.0316353110505268,3.2913147505313156
1634824850366,acc ,0.6932984907478094,0.020730214948207138,3.2410645727187393
1634824850383,acc ,0.18996625314727425,0.30937147145699706,2.6177491342574357
1634824850399,acc ,-0.2556839761395007,0.32385077278427776,1.2180208685100078
1634824850416,acc ,-0.005457900079712271,0.3450714746631682,0.47813013793528075
1634824850432,acc ,1.0534501917734742,0.5876807921089232,-0.6754150435328483
1634824850449,acc ,0.8600717920951545,0.9173075910113752,-1.942644471848011
1634824850465,acc ,0.7160795738112181,1.0512531931858509,-1.6677514259129762
1634824850482,acc ,0.9955372242480516,1.1458043580830097,-1.0376719001442194
1634824850499,acc ,0.16895002433191983,